5 2
8 1
10 3
15 5
20 9
25 13
30 11
45 10
60 14
80 12
100 24
5 0
5 1
5 1
5 2
5 2
5 2
5 3
8 0
8 0
8 1
8 2
8 2
8 2
8 3
10 1
10 1
10 2
10 2
10 3
10 3
10 4
10 7
15 1
15 1
15 3
15 3
15 4
15 5
15 5
20 3
20 4
20 7
20 7
20 8
20 8
20 11
25 4
25 5
25 6
25 7
25 9
25 9
25 14
30 5
30 8
30 10
30 11
30 12
30 14
30 20
45 4
45 7
45 8
45 11
45 14
45 15
45 19
60 9
60 14
60 16
60 18
60 21
60 24
60 26
80 7
80 11
80 12
80 15
80 17
80 21
80 23
100 7
100 8
100 10
100 11
100 15
100 26
100 33
